image: /home/dev/S1/src/mapping/map/first_map.pgm
resolution: 0.010000
origin: [-50.000000, -50.000000, 0.000000]
negate: 0
occupied_thresh: 0.65
free_thresh: 0.196

